14
18
27
1
16
11
24
10
7
3
6
13
6
10
10
20
8
11
23
26
1
0
0
12
8
20
24
13
8
7
11
9
14
8
3
22
20
9
11
2
24
11
9
17
27
16
9
14
20
9
9
20
9
20
3
20
24
2
20
16
24
11
23
23
19
1
7
11
24
6
7
5
3
26
10
10
24
9
22
20
1
12
1
6
26
21
19
7
1
20
10
0
4
0
4
8
9
24
7
11
21
20
22
14
15
14
24
17
18
20
1
22
15
26
15
16
20
0
15
22
13
16
3
24
15
0
25
14
10
22
1
24
7
15
7
27
20
19
3
11
3
9
22
20
9
14
24
5
19
5
13
2
10
6
20
19
20
6
12
27
1
22
3
21
17
5
19
6
17
16
4
13
15
6
6
20
1
12
4
10
24
0
24
0
3
16
17
6
15
6
7
22
13
14
1
1
25
24
1
16
20
5
5
2
13
0
18
5
26
9
3
19
25
10
8
11
12
25
6
7
12
3
16
1
21
24
10
25
14
3
26
20
9
1
12
18
14
12
21
24
27
20
11
8
11
3
27
10
11
11
8
1
11
18
24
24
23
7
3
18
21
18
22
9
22
26
18
1
20
5
18
14
18
26
15
14
6
5
13
4
10
19
26
24
7
14
10
18
26
3
12
1
6
18
20
22
19
18
0
15
24
26
16
7
24
10
6
24
20
1
16
12
7
18
26
10
4
23
11
1
18
16
1
11
18
11
3
10
7
1
4
16
4
12
14
5
24
1
